01111110011011111011010111010001000011100111100110010000101010001001100011000101100000001000011111000101011111100011111110110101011111100000000001111110
01111110011011111011010111010001000011100111100110010000101010001001100011000101100000001000011111000101011111101001000100010100011111100000000001111110
01111110011011111011010111010001000011100111100110010000101010001001100011000101100000001000011111000101011111101001011001011100011111100000000001111110
01111110011011111011010111010001000011100111100110010000101010001001100011000101100000001000011111000101011111101010001000100001011111100000000001111110
01111110011011111011010111010001000011100111100110010000101010001001100011000101100000001000011111000101011111100110000010001100011111100000000001111110
01111110011011111011010111010001000011100111100110010000101010001001100011000101100000001000011111000101011111101000001010010110011111100000000001111110
01111110011011111011010111010001000011100111100110010000101010001001100011000101100000001000011111000101011111100101010001000101011111100000000001111110
01111110011011111011010111010001000011100111100110010000101010001001100011000101100000001000011111000101011111100101001101010100011111100000000001111110
011111100110111110110101110100010000111001111001100100001010100010011000110001011000000010000111110001010111111001111101011111100111110101111101011111100000000001111110
01111110011011111011010111010001000011100111100110010000101010001001100011000101100000001000011111000101011111100000000000000000011111100000000001111110
